%YAML:1.0
---
#装甲板实际参数
big_w: 0.230            #大装甲板实际宽度
big_h: 0.057            #大装甲板实际高度
small_w: 0.135          #小装甲板实际宽度
small_h: 0.057          #小装甲板实际高度
#符叶实际参数
buff_w: 0.50
buff_h: 0.50

#######################################################################################################################
##相机内参矩阵CU013
# F_MAT: !!opencv-matrix
#   rows: 3
#   cols: 3
#   dt: d
#   data: [ 1313.081401514924    , 0.000000000000, 634.70189227901185     ,
#           0.000000000000, 1312.96230831583    , 505.3395706823172    ,
#           0.000000000000, 0.000000000000, 1.000000000000 ]

# #相机畸变矩阵
# C_MAT: !!opencv-matrix
#   rows: 1
#   cols: 5
#   dt: d
#   data: [ -0.08228539805450732 , 0.106753252100443 , -0.0002207465183912911, -0.0004898416628442466 , 0.04876308502 ]
#######################################################################################################################

#######################################################################################################################
#英雄&平步&新舵步CS016 8mm
F_MAT: !!opencv-matrix
  rows: 3
  cols: 3
  dt: d
  data: [ 2404.55024035025    , 0.000000000000,741.2746736739983     ,
          0.000000000000, 2403.909723281978    , 549.5916614617547    ,
          0.000000000000, 0.000000000000, 1.000000000000 ]

#相机畸变矩阵
C_MAT: !!opencv-matrix
  rows: 1
  cols: 5
  dt: d
  data: [ -0.01859514952299835 , 0.3885509747958853 , -0.0006131890704244383, -0.0004804354342040962, 0.04876308502 ]
#######################################################################################################################

#######################################################################################################################
# 3号麦轮CU013 8mm
# F_MAT: !!opencv-matrix
#   rows: 3
#   cols: 3
#   dt: d
#   data: [ 1720.204091188843    , 0.000000000000,622.4324992197285     ,
#           0.000000000000, 1724.954996995988    , 538.0579037195707    ,
#           0.000000000000, 0.000000000000, 1.000000000000 ]

# #相机畸变矩阵
# C_MAT: !!opencv-matrix
#   rows: 1
#   cols: 5
#   dt: d
#   data: [ -0.04876227623350943 , 0.3885509747958853 , -0.0006131890704244383, -0.0004804354342040962, 0.04876308502 ]
#######################################################################################################################

#######################################################################################################################
# 4号麦轮CS016 6mms

# F_MAT: !!opencv-matrix
#   rows: 3
#   cols: 3
#   dt: d
#   data: [ 1733.490917844786    , 0.000000000000,706.5688087413984     ,
#           0.000000000000, 1777.545214812268    , 659.4769296640977    ,
#           0.000000000000, 0.000000000000, 1.000000000000 ]

# #相机畸变矩阵
# C_MAT: !!opencv-matrix
#   rows: 1
#   cols: 5
#   dt: d
#   data: [ -0.01859514952299835 , 0.3885509747958853 , -0.0006131890704244383, -0.0004804354342040962, 0.04876308502 ]
#######################################################################################################################

#######################################################################################################################
# 小头CA016 8mms
# F_MAT: !!opencv-matrix
#   rows: 3
#   cols: 3
#   dt: d
#   data: [2563.665950341348, 0, 753.8603967370479 ,
#          0, 2565.408200039268, 691.583902882203,
#          0, 0, 1]

# #相机畸变矩阵
# C_MAT: !!opencv-matrix
#   rows: 1
#   cols: 5
#   dt: d
#   data: [-0.1057126540780172, 7.105000053862423, 0.01773980707922, 0.003252495558251253, -106.0788980938151]
#######################################################################################################################

#######################################################################################################################
# 大头CA016 6mms
# F_MAT: !!opencv-matrix
#   rows: 3
#   cols: 3
#   dt: d
#   data: [1850.956732474716, 0, 775.8180640273724,
#         0, 1851.696066243537, 630.753709810164,
#         0, 0, 1]

# #相机畸变矩阵
# C_MAT: !!opencv-matrix
#   rows: 1
#   cols: 5
#   dt: d
#   data: [-0.1124847097666309, 0.5573172920076471, 0.009211394826435099, 0.01031482253381195, -0.1897988444474213]
#######################################################################################################################

#世界坐标系和相机坐标系的原点偏移
center_offset_position: !!opencv-matrix
  rows: 3
  cols: 1
  dt: d
  data: [ 0 , 0 ,0 ]

#抬升枪管的角度补偿
Barrel_offset_angle: !!opencv-matrix
  rows: 3
  cols: 1
  dt: d
  data: [ 0, 0, -1.25]

# 大头：[ 0, -2.0, -0.3] 

# 舵步：[ 0, -0.7, -0.4] 

# 平步：[ 0, -0.8, -1.1] 

# 小头：[ 0, -4.0, -0.8]


#595 6mm
